graffcreator=Server
graffname=
graffmodel=18662
grafffont=Diploma
Xpos=2046.410034
Ypos=-1635.839965
Zpos=13.585900
XYpos=0.000000
YYpos=0.000000
ZYpos=-360.000000
