graffcreator=Server
graffname=
graffmodel=18663
grafffont=Diploma
Xpos=2066.429931
Ypos=-1652.479980
Zpos=14.281200
XYpos=0.000000
YYpos=0.000000
ZYpos=180.000000
