graffcreator=Server
graffname=
graffmodel=18659
grafffont=Diploma
Xpos=1850.010009
Ypos=-1876.839965
Zpos=14.359398
XYpos=0.000000
YYpos=0.000000
ZYpos=90.000000
