graffcreator=Server
graffname=
graffmodel=18660
grafffont=Diploma
Xpos=1889.239990
Ypos=-1982.510009
Zpos=15.757800
XYpos=0.000000
YYpos=0.000000
ZYpos=0.000000
