graffcreator=Server
graffname=
graffmodel=18659
grafffont=Diploma
Xpos=1950.619995
Ypos=-2034.400024
Zpos=14.093798
XYpos=0.000000
YYpos=0.000000
ZYpos=180.000000
