graffcreator=Server
graffname=
graffmodel=18660
grafffont=Diploma
Xpos=1936.880004
Ypos=-2134.909912
Zpos=14.218797
XYpos=0.000000
YYpos=0.000000
ZYpos=90.199966
