graffcreator=Server
graffname=
graffmodel=18661
grafffont=Diploma
Xpos=1808.339965
Ypos=-2092.270019
Zpos=14.218797
XYpos=0.000000
YYpos=0.000000
ZYpos=-179.199951
