graffcreator=Server
graffname=
graffmodel=18662
grafffont=Diploma
Xpos=2273.899902
Ypos=-2265.800048
Zpos=14.562500
XYpos=0.000000
YYpos=0.000000
ZYpos=135.199935
