graffcreator=Server
graffname=
graffmodel=18665
grafffont=Diploma
Xpos=2173.590087
Ypos=-2165.189941
Zpos=15.304697
XYpos=0.000000
YYpos=0.000000
ZYpos=134.000045
