graffcreator=Server
graffname=
graffmodel=18664
grafffont=Diploma
Xpos=2281.459960
Ypos=-1118.959960
Zpos=27.007799
XYpos=0.000000
YYpos=0.000000
ZYpos=180.000000
