graffcreator=Server
graffname=
graffmodel=18662
grafffont=Diploma
Xpos=2239.780029
Ypos=-999.750000
Zpos=59.757801
XYpos=0.000000
YYpos=0.000000
ZYpos=-125.699981
