graffcreator=Server
graffname=
graffmodel=18663
grafffont=Diploma
Xpos=2122.689941
Ypos=-1060.900024
Zpos=25.390600
XYpos=0.000000
YYpos=0.000000
ZYpos=-31.600000
