graffcreator=Server
graffname=
graffmodel=18663
grafffont=Diploma
Xpos=2102.199951
Ypos=-1648.760009
Zpos=13.585900
XYpos=0.000000
YYpos=0.000000
ZYpos=0.000000
