graffcreator=Server
graffname=
graffmodel=18664
grafffont=Diploma
Xpos=2062.729492
Ypos=-996.462768
Zpos=48.265598
XYpos=0.000000
YYpos=0.000000
ZYpos=-15.300001
