graffcreator=Server
graffname=
graffmodel=18659
grafffont=Diploma
Xpos=2076.729980
Ypos=-1071.130004
Zpos=27.609399
XYpos=0.000000
YYpos=0.000000
ZYpos=-36.299995
