graffcreator=Server
graffname=
graffmodel=18667
grafffont=Diploma
Xpos=2841.370117
Ypos=-1312.959960
Zpos=18.820299
XYpos=0.000000
YYpos=0.000000
ZYpos=99.499961
