graffcreator=Server
graffname=
graffmodel=18667
grafffont=Diploma
Xpos=2820.340087
Ypos=-1190.979980
Zpos=25.671899
XYpos=0.000000
YYpos=0.000000
ZYpos=270.000000
