graffcreator=Server
graffname=
graffmodel=18662
grafffont=Diploma
Xpos=2766.090087
Ypos=-1197.140014
Zpos=69.070297
XYpos=0.000000
YYpos=0.000000
ZYpos=180.000000
