graffcreator=Server
graffname=
graffmodel=18660
grafffont=Diploma
Xpos=2756.010009
Ypos=-1388.119995
Zpos=39.460899
XYpos=0.000000
YYpos=0.000000
ZYpos=0.000000
