graffcreator=Server
graffname=
graffmodel=18663
grafffont=Diploma
Xpos=2821.229980
Ypos=-1465.089965
Zpos=16.539100
XYpos=0.000000
YYpos=0.000000
ZYpos=0.000000
