graffcreator=Server
graffname=
graffmodel=18666
grafffont=Diploma
Xpos=2767.780029
Ypos=-1621.189941
Zpos=11.234398
XYpos=0.000000
YYpos=0.000000
ZYpos=180.000000
