graffcreator=Server
graffname=
graffmodel=18666
grafffont=Diploma
Xpos=2767.749023
Ypos=-1819.921752
Zpos=12.226597
XYpos=0.000000
YYpos=0.000000
ZYpos=472.200042
