graffcreator=Server
graffname=
graffmodel=18666
grafffont=Diploma
Xpos=2667.889892
Ypos=-1469.130004
Zpos=31.679700
XYpos=0.000000
YYpos=0.000000
ZYpos=180.000000
