graffcreator=Server
graffname=
graffmodel=18659
grafffont=Diploma
Xpos=2399.409912
Ypos=-1552.030029
Zpos=28.750000
XYpos=0.000000
YYpos=0.000000
ZYpos=270.000000
