graffcreator=Server
graffname=
graffmodel=18661
grafffont=Diploma
Xpos=2612.929931
Ypos=-1390.770019
Zpos=35.429698
XYpos=0.000000
YYpos=0.000000
ZYpos=90.000000
