graffcreator=Server
graffname=
graffmodel=18660
grafffont=Diploma
Xpos=2536.219970
Ypos=-1352.770019
Zpos=31.085899
XYpos=0.000000
YYpos=0.000000
ZYpos=180.000000
