graffcreator=Server
graffname=
graffmodel=18661
grafffont=Diploma
Xpos=2580.949951
Ypos=-1274.089965
Zpos=46.593799
XYpos=0.000000
YYpos=0.000000
ZYpos=0.000000
