graffcreator=Server
graffname=
graffmodel=18662
grafffont=Diploma
Xpos=2603.159912
Ypos=-1197.810058
Zpos=60.992198
XYpos=0.000000
YYpos=0.000000
ZYpos=270.000000
