graffcreator=Server
graffname=
graffmodel=18660
grafffont=Diploma
Xpos=2576.820068
Ypos=-1143.270019
Zpos=48.203098
XYpos=0.000000
YYpos=0.000000
ZYpos=90.000000
