graffcreator=Server
graffname=
graffmodel=18660
grafffont=Diploma
Xpos=2621.510009
Ypos=-1092.199951
Zpos=69.796897
XYpos=0.000000
YYpos=0.000000
ZYpos=90.000000
