graffcreator=Server
graffname=
graffmodel=18664
grafffont=Diploma
Xpos=2797.919921
Ypos=-1097.699951
Zpos=31.062500
XYpos=0.000000
YYpos=0.000000
ZYpos=270.000000
