graffcreator=Server
graffname=
graffmodel=18663
grafffont=Diploma
Xpos=1332.130004
Ypos=-1722.300048
Zpos=14.187500
XYpos=0.000000
YYpos=0.000000
ZYpos=450.000000
