graffcreator=Server
graffname=
graffmodel=18661
grafffont=Diploma
Xpos=1732.729980
Ypos=-963.080017
Zpos=41.437500
XYpos=0.000000
YYpos=0.000000
ZYpos=6.800003
