graffcreator=Server
graffname=
graffmodel=18660
grafffont=Diploma
Xpos=1118.910034
Ypos=-2008.239990
Zpos=75.023399
XYpos=0.000000
YYpos=0.000000
ZYpos=482.600036
