graffcreator=Server
graffname=
graffmodel=18667
grafffont=Diploma
Xpos=2353.540039
Ypos=-1508.209960
Zpos=24.750000
XYpos=0.000000
YYpos=0.000000
ZYpos=0.000000
