graffcreator=Server
graffname=
graffmodel=18664
grafffont=Diploma
Xpos=2273.199951
Ypos=-2529.120117
Zpos=8.515600
XYpos=0.000000
YYpos=0.000000
ZYpos=180.000000
