graffcreator=Server
graffname=
graffmodel=18667
grafffont=Diploma
Xpos=2704.229980
Ypos=-2144.300048
Zpos=11.820300
XYpos=0.000000
YYpos=0.000000
ZYpos=180.000000
