graffcreator=Server
graffname=
graffmodel=18662
grafffont=Diploma
Xpos=2763.000000
Ypos=-2012.109985
Zpos=14.132800
XYpos=0.000000
YYpos=0.000000
ZYpos=180.000000
