graffcreator=Server
graffname=
graffmodel=18664
grafffont=Diploma
Xpos=2794.530029
Ypos=-1906.810058
Zpos=14.671898
XYpos=0.000000
YYpos=0.000000
ZYpos=270.000000
