graffcreator=Server
graffname=
graffmodel=18665
grafffont=Diploma
Xpos=2812.939941
Ypos=-1942.069946
Zpos=11.062500
XYpos=0.000000
YYpos=0.000000
ZYpos=180.000000
