graffcreator=Server
graffname=
graffmodel=18659
grafffont=Diploma
Xpos=2874.500000
Ypos=-1909.380004
Zpos=8.390600
XYpos=0.000000
YYpos=0.000000
ZYpos=180.000000
