graffcreator=Server
graffname=
graffmodel=18660
grafffont=Diploma
Xpos=2182.229980
Ypos=-1467.900024
Zpos=25.554700
XYpos=0.000000
YYpos=0.000000
ZYpos=270.000000
