graffcreator=Server
graffname=
graffmodel=18660
grafffont=Diploma
Xpos=2132.229980
Ypos=-1258.089965
Zpos=24.054700
XYpos=0.000000
YYpos=0.000000
ZYpos=450.000000
