graffcreator=Server
graffname=
graffmodel=18660
grafffont=Diploma
Xpos=2233.949951
Ypos=-1367.619995
Zpos=24.531200
XYpos=0.000000
YYpos=0.000000
ZYpos=540.000000
