graffcreator=Server
graffname=
graffmodel=18662
grafffont=Diploma
Xpos=2224.770019
Ypos=-1193.060058
Zpos=25.835899
XYpos=0.000000
YYpos=0.000000
ZYpos=450.000000
