graffcreator=Server
graffname=
graffmodel=18665
grafffont=Diploma
Xpos=2394.100097
Ypos=-1468.229858
Zpos=24.781200
XYpos=0.000000
YYpos=0.000000
ZYpos=90.000000
