graffcreator=Server
graffname=
graffmodel=18662
grafffont=Diploma
Xpos=2119.199951
Ypos=-1196.619995
Zpos=24.632799
XYpos=0.000000
YYpos=0.000000
ZYpos=270.000000
