graffcreator=Server
graffname=
graffmodel=18661
grafffont=Diploma
Xpos=2522.459960
Ypos=-1478.739990
Zpos=24.164100
XYpos=0.000000
YYpos=0.000000
ZYpos=0.000000
