graffcreator=Server
graffname=
graffmodel=18659
grafffont=Diploma
Xpos=2322.449951
Ypos=-1254.410034
Zpos=22.921899
XYpos=0.000000
YYpos=0.000000
ZYpos=180.000000
