graffcreator=Server
graffname=
graffmodel=18667
grafffont=Diploma
Xpos=1448.229980
Ypos=-1755.900024
Zpos=14.523400
XYpos=0.000000
YYpos=0.000000
ZYpos=270.000000
