graffcreator=Server
graffname=
graffmodel=18659
grafffont=Diploma
Xpos=1574.709960
Ypos=-2691.879882
Zpos=13.601599
XYpos=0.000000
YYpos=0.000000
ZYpos=0.000000
