graffcreator=Server
graffname=
graffmodel=18665
grafffont=Diploma
Xpos=1071.140014
Ypos=-1863.790039
Zpos=14.093799
XYpos=0.000000
YYpos=0.000000
ZYpos=0.000000
