graffcreator=Server
graffname=
graffmodel=18659
grafffont=Diploma
Xpos=2392.360107
Ypos=-1914.569946
Zpos=14.742198
XYpos=0.000000
YYpos=0.000000
ZYpos=90.000000
