graffcreator=Server
graffname=
graffmodel=18665
grafffont=Diploma
Xpos=2430.330078
Ypos=-1997.910034
Zpos=14.742198
XYpos=0.000000
YYpos=0.000000
ZYpos=90.000000
