graffcreator=Server
graffname=
graffmodel=18665
grafffont=Diploma
Xpos=2587.320068
Ypos=-2063.520019
Zpos=4.609398
XYpos=0.000000
YYpos=0.000000
ZYpos=180.000000
