graffcreator=Server
graffname=
graffmodel=18664
grafffont=Diploma
Xpos=1974.089965
Ypos=-1351.059936
Zpos=24.562500
XYpos=0.000000
YYpos=0.000000
ZYpos=630.000000
