graffcreator=Server
graffname=
graffmodel=18667
grafffont=Diploma
Xpos=1724.729980
Ypos=-1741.500000
Zpos=14.101598
XYpos=0.000000
YYpos=0.000000
ZYpos=270.000000
