graffcreator=Server
graffname=
graffmodel=18667
grafffont=Diploma
Xpos=2093.760009
Ypos=-1413.449951
Zpos=24.117200
XYpos=0.000000
YYpos=0.000000
ZYpos=450.000000
