graffcreator=Server
graffname=
graffmodel=18665
grafffont=Diploma
Xpos=1969.589965
Ypos=-1289.699951
Zpos=24.562500
XYpos=0.000000
YYpos=0.000000
ZYpos=0.000000
