graffcreator=Server
graffname=
graffmodel=18659
grafffont=Diploma
Xpos=1966.949951
Ypos=-1174.729980
Zpos=20.039100
XYpos=0.000000
YYpos=0.000000
ZYpos=90.000000
