graffcreator=Server
graffname=
graffmodel=18659
grafffont=Diploma
Xpos=1911.869995
Ypos=-1064.400024
Zpos=25.187500
XYpos=0.000000
YYpos=0.000000
ZYpos=180.000000
