graffcreator=Server
graffname=
graffmodel=18667
grafffont=Diploma
Xpos=2462.270019
Ypos=-1541.410034
Zpos=25.421899
XYpos=0.000000
YYpos=0.000000
ZYpos=90.000000
