graffcreator=Server
graffname=
graffmodel=18660
grafffont=Diploma
Xpos=2346.520019
Ypos=-1350.780029
Zpos=24.281200
XYpos=0.000000
YYpos=0.000000
ZYpos=90.000000
