graffcreator=Server
graffname=
graffmodel=18664
grafffont=Diploma
Xpos=2273.020019
Ypos=-1687.430053
Zpos=14.968798
XYpos=0.000000
YYpos=0.000000
ZYpos=90.000000
