graffcreator=Admin_Test
graffname=415BOY
graffmodel=19482
grafffont=a dripping marker
Xpos=2422.909912
Ypos=-1682.300048
Zpos=13.992198
XYpos=0.000000
YYpos=0.000000
ZYpos=0.000000
