graffcreator=Server
graffname=
graffmodel=18664
grafffont=Diploma
Xpos=1549.890014
Ypos=-1714.520019
Zpos=15.101598
XYpos=0.000000
YYpos=0.000000
ZYpos=90.000000
