graffcreator=Server
graffname=
graffmodel=18667
grafffont=Diploma
Xpos=1498.630004
Ypos=-1207.349975
Zpos=24.679700
XYpos=0.000000
YYpos=0.000000
ZYpos=270.000000
