graffcreator=Server
graffname=
graffmodel=18662
grafffont=Diploma
Xpos=1767.209960
Ypos=-1617.540039
Zpos=15.039097
XYpos=0.000000
YYpos=0.000000
ZYpos=-108.499961
