graffcreator=Server
graffname=
graffmodel=18665
grafffont=Diploma
Xpos=1519.420043
Ypos=-1010.950012
Zpos=24.609399
XYpos=0.000000
YYpos=0.000000
ZYpos=180.000000
