graffcreator=Server
graffname=
graffmodel=18663
grafffont=Diploma
Xpos=1687.229980
Ypos=-1239.119995
Zpos=15.812500
XYpos=0.000000
YYpos=0.000000
ZYpos=270.000000
