graffcreator=Server
graffname=
graffmodel=18661
grafffont=Diploma
Xpos=1783.969970
Ypos=-2156.540039
Zpos=14.312500
XYpos=0.000000
YYpos=0.000000
ZYpos=90.000000
