graffcreator=Server
graffname=
graffmodel=18661
grafffont=Diploma
Xpos=1624.619995
Ypos=-2296.239990
Zpos=14.312500
XYpos=0.000000
YYpos=0.000000
ZYpos=90.000000
