graffcreator=Server
graffname=
graffmodel=18667
grafffont=Diploma
Xpos=2065.439941
Ypos=-1897.229980
Zpos=13.609398
XYpos=0.000000
YYpos=0.000000
ZYpos=90.000000
