graffcreator=Server
graffname=
graffmodel=18660
grafffont=Diploma
Xpos=2134.330078
Ypos=-2011.199951
Zpos=10.515600
XYpos=0.000000
YYpos=0.000000
ZYpos=135.200042
