graffcreator=Server
graffname=
graffmodel=18660
grafffont=Diploma
Xpos=1271.479980
Ypos=-1662.319946
Zpos=20.250000
XYpos=0.000000
YYpos=0.000000
ZYpos=0.000000
