graffcreator=Server
graffname=
graffmodel=18661
grafffont=Diploma
Xpos=2162.780029
Ypos=-1786.069946
Zpos=14.187500
XYpos=0.000000
YYpos=0.000000
ZYpos=90.000000
