graffcreator=Server
graffname=
graffmodel=18665
grafffont=Diploma
Xpos=2034.400024
Ypos=-1801.670043
Zpos=14.546898
XYpos=0.000000
YYpos=0.000000
ZYpos=90.000000
