graffcreator=Server
graffname=
graffmodel=18660
grafffont=Diploma
Xpos=1910.160034
Ypos=-1779.660034
Zpos=18.750000
XYpos=0.000000
YYpos=0.000000
ZYpos=270.000000
