graffcreator=Server
graffname=
graffmodel=18666
grafffont=Diploma
Xpos=1799.130004
Ypos=-1708.770019
Zpos=14.101598
XYpos=0.000000
YYpos=0.000000
ZYpos=180.000000
