graffcreator=Server
graffname=
graffmodel=18666
grafffont=Diploma
Xpos=1837.199951
Ypos=-1814.189941
Zpos=4.335898
XYpos=0.000000
YYpos=0.000000
ZYpos=-102.899925
