graffcreator=Server
graffname=
graffmodel=18662
grafffont=Diploma
Xpos=1837.660034
Ypos=-1640.380004
Zpos=13.757800
XYpos=0.000000
YYpos=0.000000
ZYpos=0.000000
