graffcreator=Server
graffname=
graffmodel=18663
grafffont=Diploma
Xpos=1959.414184
Ypos=-1577.774169
Zpos=13.757800
XYpos=0.000000
YYpos=0.000000
ZYpos=135.100006
