graffcreator=Server
graffname=
graffmodel=18659
grafffont=Diploma
Xpos=2074.179931
Ypos=-1579.150024
Zpos=14.031200
XYpos=0.000000
YYpos=0.000000
ZYpos=0.000000
