graffcreator=Server
graffname=
graffmodel=18666
grafffont=Diploma
Xpos=2542.949951
Ypos=-1363.239990
Zpos=31.765600
XYpos=0.000000
YYpos=0.000000
ZYpos=720.000000
