graffcreator=Server
graffname=
graffmodel=18665
grafffont=Diploma
Xpos=2704.199951
Ypos=-1966.689941
Zpos=13.757800
XYpos=0.000000
YYpos=0.000000
ZYpos=180.000000
