graffcreator=Server
graffname=
graffmodel=18663
grafffont=Diploma
Xpos=2489.239990
Ypos=-1959.069946
Zpos=13.757800
XYpos=0.000000
YYpos=0.000000
ZYpos=270.000000
