graffcreator=Server
graffname=
graffmodel=18663
grafffont=Diploma
Xpos=1295.180053
Ypos=-1465.219970
Zpos=10.281200
XYpos=0.000000
YYpos=0.000000
ZYpos=0.000000
