graffcreator=Server
graffname=
graffmodel=18666
grafffont=Diploma
Xpos=482.630004
Ypos=-1761.589965
Zpos=5.914100
XYpos=0.000000
YYpos=0.000000
ZYpos=90.000000
