graffcreator=Server
graffname=
graffmodel=18664
grafffont=Diploma
Xpos=2379.305908
Ypos=-2166.234130
Zpos=24.945299
XYpos=0.000000
YYpos=0.000000
ZYpos=44.600017
