graffcreator=Server
graffname=
graffmodel=18667
grafffont=Diploma
Xpos=1746.750000
Ypos=-1359.770019
Zpos=16.210899
XYpos=0.000000
YYpos=0.000000
ZYpos=270.000000
