graffcreator=Server
graffname=
graffmodel=18662
grafffont=Diploma
Xpos=810.570007
Ypos=-1797.569946
Zpos=13.617197
XYpos=0.000000
YYpos=0.000000
ZYpos=-134.000091
