graffcreator=Server
graffname=
graffmodel=18659
grafffont=Diploma
Xpos=730.450012
Ypos=-1482.010009
Zpos=2.250000
XYpos=0.000000
YYpos=0.000000
ZYpos=450.000000
