graffcreator=Server
graffname=
graffmodel=18661
grafffont=Diploma
Xpos=947.479980
Ypos=-1466.719970
Zpos=17.242200
XYpos=0.000000
YYpos=0.000000
ZYpos=180.000000
