graffcreator=Server
graffname=
graffmodel=18663
grafffont=Diploma
Xpos=399.010009
Ypos=-2066.879882
Zpos=11.234398
XYpos=0.000000
YYpos=0.000000
ZYpos=180.000000
