graffcreator=Server
graffname=
graffmodel=18665
grafffont=Diploma
Xpos=466.980010
Ypos=-1283.020019
Zpos=16.320299
XYpos=0.000000
YYpos=0.000000
ZYpos=34.100013
