graffcreator=Server
graffname=
graffmodel=18661
grafffont=Diploma
Xpos=583.460021
Ypos=-1502.109985
Zpos=16.000000
XYpos=0.000000
YYpos=0.000000
ZYpos=180.000000
