graffcreator=Server
graffname=
graffmodel=18659
grafffont=Diploma
Xpos=944.270019
Ypos=-985.820007
Zpos=39.296901
XYpos=0.000000
YYpos=0.000000
ZYpos=-80.799957
