graffcreator=Server
graffname=
graffmodel=18663
grafffont=Diploma
Xpos=1072.910034
Ypos=-1012.799987
Zpos=35.515598
XYpos=0.000000
YYpos=0.000000
ZYpos=180.000000
