graffcreator=Server
graffname=
graffmodel=18660
grafffont=Diploma
Xpos=1206.250000
Ypos=-1162.000000
Zpos=23.875000
XYpos=0.000000
YYpos=0.000000
ZYpos=180.000000
