graffcreator=Server
graffname=
graffmodel=18665
grafffont=Diploma
Xpos=1098.810058
Ypos=-1292.550048
Zpos=17.140600
XYpos=0.000000
YYpos=0.000000
ZYpos=0.000000
